2 0.10703125 0.16796875 0.2140625 0.0734375
2 0.40390625 0.1078125 0.246875 0.08125
2 0.6859375 0.04921875 0.2359375 0.078125
2 0.1359375 0.34140625 0.2265625 0.0765625
2 0.41484375 0.2890625 0.2265625 0.0828125
2 0.70234375 0.234375 0.24375 0.0859375
2 0.16640625 0.55546875 0.2171875 0.0765625
2 0.4609375 0.50078125 0.246875 0.084375
2 0.7484375 0.44453125 0.2546875 0.0828125
2 0.21171875 0.7953125 0.203125 0.0734375
2 0.51015625 0.740625 0.2453125 0.0859375
2 0.78203125 0.690625 0.275 0.0921875