0 0.1890625 0.178125 0.0859375 0.1640625
0 0.3578125 0.16015625 0.0828125 0.153125
0 0.553125 0.14375 0.071875 0.14375
0 0.7375 0.12734375 0.078125 0.1328125
0 0.20625 0.4296875 0.084375 0.1515625
0 0.3953125 0.396875 0.08125 0.1484375
0 0.58515625 0.371875 0.0796875 0.1765625
0 0.7625 0.34296875 0.10625 0.1828125
0 0.17734375 0.6734375 0.1 0.1765625
0 0.4125 0.63203125 0.0921875 0.1515625
0 0.61953125 0.603125 0.084375 0.14375
0 0.78515625 0.55859375 0.11875 0.1734375
0 0.221875 0.88515625 0.1109375 0.1734375
0 0.43515625 0.85 0.1 0.1765625
0 0.653125 0.81875 0.0875 0.1765625
0 0.82109375 0.80234375 0.1015625 0.1671875