0 0.3109375 0.09453125 0.103125 0.16875
0 0.4765625 0.13203125 0.0984375 0.1578125
0 0.665625 0.18046875 0.0875 0.1484375
0 0.84609375 0.225 0.0921875 0.1390625
0 0.24453125 0.3375 0.1015625 0.15625
0 0.43515625 0.36875 0.096875 0.153125
0 0.62265625 0.40625 0.0984375 0.18125
0 0.79921875 0.43671875 0.125 0.1890625
0 0.13828125 0.559375 0.11875 0.184375
0 0.37421875 0.59609375 0.1078125 0.1578125
0 0.57890625 0.6359375 0.1 0.15
0 0.75 0.6484375 0.1359375 0.1828125
0 0.11171875 0.7734375 0.1296875 0.18125
0 0.325 0.81015625 0.1171875 0.1828125
0 0.540625 0.85078125 0.10625 0.18125
0 0.7046875 0.890625 0.1203125 0.175