0 0.26953125 0.11640625 0.0890625 0.1640625
0 0.43828125 0.13671875 0.0859375 0.153125
0 0.63125 0.16484375 0.0734375 0.1453125
0 0.81484375 0.18984375 0.08125 0.134375
0 0.22890625 0.36484375 0.0875 0.1515625
0 0.421875 0.3765625 0.0828125 0.15
0 0.6125 0.39375 0.0828125 0.1765625
0 0.790625 0.40546875 0.109375 0.184375
0 0.146875 0.596875 0.1015625 0.178125
0 0.38515625 0.60859375 0.09375 0.153125
0 0.59296875 0.62734375 0.0875 0.1453125
0 0.76484375 0.62109375 0.1203125 0.175
0 0.1421875 0.8125 0.1140625 0.175
0 0.35859375 0.8265625 0.1015625 0.178125
0 0.57734375 0.84453125 0.090625 0.1765625
0 0.74453125 0.8671875 0.1046875 0.16875