0 0.18671875 0.11953125 0.0625 0.13125
0 0.365625 0.12890625 0.0640625 0.1109375
0 0.55 0.14765625 0.05625 0.109375
0 0.7421875 0.16328125 0.0609375 0.096875
0 0.16171875 0.35 0.0625 0.134375
0 0.3703125 0.33046875 0.06875 0.140625
0 0.55 0.3171875 0.059375 0.11875
0 0.75 0.31328125 0.0578125 0.1359375
0 0.12890625 0.59609375 0.0765625 0.159375
0 0.36484375 0.57734375 0.071875 0.1625
0 0.578125 0.57578125 0.075 0.1625
0 0.75859375 0.5546875 0.0765625 0.128125
0 0.090625 0.84375 0.075 0.15625
0 0.35625 0.82890625 0.090625 0.1546875
0 0.5875 0.8234375 0.0828125 0.1578125
0 0.7875 0.81171875 0.0703125 0.1671875