0 0.2578125 0.07109375 0.0828125 0.1359375
0 0.43203125 0.1109375 0.08125 0.11875
0 0.61015625 0.16171875 0.0734375 0.1140625
0 0.796875 0.21015625 0.075 0.103125
0 0.19296875 0.29375 0.0828125 0.140625
0 0.4015625 0.31015625 0.090625 0.1484375
0 0.58125 0.32890625 0.0765625 0.125
0 0.77890625 0.359375 0.0796875 0.140625
0 0.11796875 0.53046875 0.1015625 0.165625
0 0.353125 0.553125 0.0984375 0.16875
0 0.5640625 0.58828125 0.1 0.16875
0 0.7453125 0.59921875 0.0953125 0.1375
0 0.04296875 0.76640625 0.0859375 0.1640625
0 0.3015625 0.79921875 0.1140625 0.1640625
0 0.53046875 0.83359375 0.1078125 0.165625
0 0.72890625 0.85703125 0.096875 0.1734375