0 0.09375 0.2203125 0.078125 0.1359375
0 0.26796875 0.18046875 0.078125 0.1171875
0 0.45078125 0.14765625 0.06875 0.1140625
0 0.63984375 0.109375 0.0734375 0.1015625
0 0.13359375 0.44921875 0.0796875 0.1390625
0 0.328125 0.37265625 0.0859375 0.146875
0 0.49765625 0.31015625 0.0734375 0.1234375
0 0.6890625 0.2515625 0.075 0.140625
0 0.1703125 0.69453125 0.096875 0.165625
0 0.39140625 0.61171875 0.09375 0.1671875
0 0.59609375 0.5515625 0.0953125 0.1671875
0 0.76328125 0.48125 0.0921875 0.1359375
0 0.2015625 0.93046875 0.09375 0.1390625
0 0.45234375 0.85625 0.109375 0.1625
0 0.6734375 0.78671875 0.103125 0.1640625
0 0.8625 0.7203125 0.0921875 0.1734375