0 0.1703125 0.1390625 0.05 0.13125
0 0.38359375 0.1515625 0.05 0.125
0 0.6171875 0.17109375 0.05625 0.128125
0 0.82734375 0.17578125 0.0546875 0.128125
0 0.16484375 0.30390625 0.0484375 0.1109375
0 0.378125 0.30859375 0.05625 0.134375
0 0.60625 0.32109375 0.0421875 0.140625
0 0.8046875 0.33359375 0.0484375 0.140625
0 0.15390625 0.49765625 0.04375 0.075
0 0.35546875 0.5046875 0.05 0.0734375
0 0.5859375 0.50703125 0.04375 0.0828125
0 0.79453125 0.515625 0.0515625 0.0828125
0 0.13828125 0.67578125 0.0421875 0.0734375
0 0.32890625 0.6890625 0.0453125 0.084375
0 0.56484375 0.696875 0.053125 0.0875
0 0.77578125 0.70625 0.05 0.109375