0 0.15234375 0.15703125 0.04375 0.1296875
0 0.365625 0.1578125 0.04375 0.121875
0 0.59921875 0.165625 0.0484375 0.1265625
0 0.81015625 0.159375 0.046875 0.1265625
0 0.15546875 0.321875 0.0421875 0.109375
0 0.36796875 0.31484375 0.0484375 0.1328125
0 0.596875 0.315625 0.0359375 0.1390625
0 0.7953125 0.31796875 0.0421875 0.1375
0 0.1546875 0.515625 0.0390625 0.0734375
0 0.35625 0.5125 0.0453125 0.0703125
0 0.5859375 0.50234375 0.0390625 0.0796875
0 0.7953125 0.50078125 0.0484375 0.08125
0 0.1484375 0.69453125 0.0390625 0.071875
0 0.3390625 0.69765625 0.040625 0.08125
0 0.575 0.69375 0.0484375 0.0859375
0 0.78671875 0.69140625 0.0453125 0.1078125