0 0.1640625 0.1453125 0.0484375 0.13125
0 0.37734375 0.153125 0.0484375 0.1234375
0 0.6109375 0.16953125 0.053125 0.128125
0 0.821875 0.1703125 0.0515625 0.128125
0 0.16171875 0.31015625 0.046875 0.1109375
0 0.37421875 0.31015625 0.053125 0.1328125
0 0.603125 0.31953125 0.040625 0.140625
0 0.8015625 0.328125 0.046875 0.1390625
0 0.15390625 0.50390625 0.0421875 0.075
0 0.35546875 0.50703125 0.0484375 0.071875
0 0.5859375 0.50546875 0.0421875 0.08125
0 0.7953125 0.5109375 0.0515625 0.0828125
0 0.14140625 0.68203125 0.040625 0.0734375
0 0.33203125 0.6921875 0.04375 0.0828125
0 0.56796875 0.69609375 0.0515625 0.0875
0 0.7796875 0.7015625 0.0484375 0.109375