0 0.11796875 0.2484375 0.0265625 0.034375
0 0.43203125 0.19296875 0.0296875 0.0328125
0 0.7109375 0.14296875 0.0265625 0.0359375
0 0.14140625 0.3890625 0.0296875 0.034375
0 0.453125 0.3328125 0.03125 0.0359375
0 0.7234375 0.28515625 0.028125 0.0359375
0 0.1734375 0.58046875 0.021875 0.0296875
0 0.4828125 0.52734375 0.0296875 0.034375
0 0.759375 0.47890625 0.034375 0.0390625
0 0.2109375 0.79921875 0.0265625 0.034375
0 0.52109375 0.74609375 0.0265625 0.0296875
0 0.79609375 0.69921875 0.0390625 0.040625