1 0.28125 0.08984375 0.2 0.1
1 0.47734375 0.14375 0.196875 0.096875
1 0.67890625 0.19140625 0.221875 0.1015625
1 0.88671875 0.24296875 0.2 0.0953125
1 0.25546875 0.26796875 0.1984375 0.0890625
1 0.46875 0.31875 0.2125 0.0984375
1 0.69375 0.3671875 0.2125 0.09375
1 0.89296875 0.409375 0.1859375 0.0828125
1 0.20546875 0.40234375 0.23125 0.1109375
1 0.453125 0.4703125 0.225 0.1046875
1 0.671875 0.52265625 0.1859375 0.09375
1 0.85859375 0.5625 0.18125 0.0921875
1 0.1921875 0.62578125 0.2390625 0.109375
1 0.45 0.68359375 0.225 0.1046875
1 0.66796875 0.72734375 0.1859375 0.0921875
1 0.8375 0.75625 0.1609375 0.0796875