1 0.20703125 0.1390625 0.196875 0.065625
1 0.41015625 0.1546875 0.1921875 0.0625
1 0.61640625 0.1625 0.2203125 0.0625
1 0.83046875 0.17421875 0.196875 0.0609375
1 0.215625 0.31875 0.196875 0.053125
1 0.434375 0.328125 0.2109375 0.0609375
1 0.66484375 0.3328125 0.2109375 0.0546875
1 0.86875 0.3359375 0.1859375 0.0484375
1 0.19296875 0.46015625 0.228125 0.0703125
1 0.4484375 0.4796875 0.221875 0.065625
1 0.67265625 0.4890625 0.1828125 0.0609375
1 0.8640625 0.4921875 0.1765625 0.0609375
1 0.221875 0.6828125 0.2359375 0.065625
1 0.4859375 0.68984375 0.221875 0.065625
1 0.70859375 0.690625 0.1828125 0.059375
1 0.8796875 0.6875 0.159375 0.05