1 0.14375 0.2015625 0.1984375 0.075
1 0.3453125 0.178125 0.19375 0.0734375
1 0.55 0.146875 0.221875 0.0734375
1 0.7625 0.11640625 0.1984375 0.0703125
1 0.18671875 0.3765625 0.1984375 0.0640625
1 0.403125 0.34375 0.2125 0.0703125
1 0.63046875 0.3046875 0.2125 0.065625
1 0.83046875 0.26875 0.1859375 0.0578125
1 0.190625 0.51953125 0.2296875 0.0828125
1 0.4453125 0.48984375 0.2234375 0.0765625
1 0.66796875 0.45625 0.184375 0.0703125
1 0.85546875 0.4234375 0.1796875 0.0703125
1 0.26171875 0.73203125 0.2375 0.078125
1 0.52265625 0.6890625 0.2234375 0.0765625
1 0.740625 0.64765625 0.184375 0.06875
1 0.90859375 0.6109375 0.159375 0.0578125