1 0.11484375 0.2328125 0.2078125 0.0984375
1 0.44140625 0.1515625 0.23125 0.1078125
1 0.71328125 0.08359375 0.2140625 0.103125
1 0.13984375 0.35078125 0.23125 0.1171875
1 0.43828125 0.28515625 0.2171875 0.1078125
1 0.7671875 0.21015625 0.2375 0.109375
1 0.1890625 0.5109375 0.2046875 0.0953125
1 0.5109375 0.43671875 0.240625 0.10625
1 0.83515625 0.359375 0.1984375 0.0921875
1 0.21640625 0.6703125 0.2078125 0.1078125
1 0.5578125 0.58515625 0.265625 0.1109375
1 0.8546875 0.5140625 0.265625 0.115625