1 0.26796875 0.0875 0.1578125 0.0734375
1 0.5328125 0.13671875 0.134375 0.0640625
1 0.83046875 0.1953125 0.1796875 0.0765625
1 0.22890625 0.22265625 0.1765625 0.071875
1 0.52109375 0.28359375 0.1859375 0.0734375
1 0.8140625 0.34453125 0.1890625 0.0765625
1 0.178125 0.390625 0.1578125 0.0765625
1 0.4671875 0.43828125 0.184375 0.075
1 0.7828125 0.51484375 0.2015625 0.0796875
1 0.15390625 0.5484375 0.1921875 0.0734375
1 0.44921875 0.61484375 0.2078125 0.0859375
1 0.75078125 0.6921875 0.20625 0.0875