1 0.08671875 0.30703125 0.1484375 0.0609375
1 0.3328125 0.25234375 0.1625 0.065625
1 0.6671875 0.1734375 0.1765625 0.0671875
1 0.14296875 0.46953125 0.1640625 0.059375
1 0.4265625 0.40703125 0.153125 0.0609375
1 0.72421875 0.33359375 0.19375 0.06875
1 0.17265625 0.58203125 0.153125 0.0671875
1 0.48046875 0.51171875 0.1734375 0.075
1 0.77109375 0.44140625 0.1734375 0.0734375
1 0.22421875 0.7265625 0.1796875 0.0734375
1 0.50703125 0.65546875 0.1578125 0.071875
1 0.78984375 0.58984375 0.190625 0.075