3 0.171875 0.2171875 0.071875 0.1734375
3 0.14453125 0.36015625 0.0625 0.134375
3 0.11171875 0.50625 0.0765625 0.1796875
3 0.071875 0.7015625 0.1 0.2203125
3 0.37890625 0.22734375 0.059375 0.1125
3 0.36171875 0.33515625 0.059375 0.1140625
3 0.33984375 0.4703125 0.08125 0.178125
3 0.3203125 0.634375 0.0703125 0.1546875
3 0.58984375 0.2875 0.06875 0.14375
3 0.5609375 0.44296875 0.0828125 0.184375
3 0.53046875 0.60625 0.0890625 0.1640625
3 0.50234375 0.76484375 0.0859375 0.18125
3 0.85625 0.33984375 0.0671875 0.1359375
3 0.82734375 0.46796875 0.075 0.1421875
3 0.79765625 0.609375 0.084375 0.159375
3 0.7640625 0.76328125 0.075 0.1703125