3 0.0828125 0.3828125 0.0703125 0.1734375
3 0.11875 0.5234375 0.0609375 0.134375
3 0.15078125 0.6703125 0.0734375 0.1796875
3 0.196875 0.8640625 0.096875 0.2203125
3 0.27578125 0.30390625 0.0578125 0.1125
3 0.3046875 0.40859375 0.0578125 0.1140625
3 0.3421875 0.540625 0.078125 0.178125
3 0.39453125 0.69765625 0.06875 0.1546875
3 0.49140625 0.26953125 0.0671875 0.14375
3 0.53046875 0.42265625 0.0796875 0.184375
3 0.57265625 0.58359375 0.0875 0.1640625
3 0.6140625 0.7390625 0.084375 0.18125
3 0.75546875 0.2046875 0.0640625 0.1359375
3 0.7828125 0.3328125 0.071875 0.1421875
3 0.81640625 0.4734375 0.08125 0.159375
3 0.85078125 0.6265625 0.071875 0.1703125