3 0.13125 0.271875 0.046875 0.171875
3 0.1265625 0.4171875 0.04375 0.1328125
3 0.11796875 0.5671875 0.05 0.1765625
3 0.10859375 0.76640625 0.0671875 0.2171875
3 0.33828125 0.25 0.04375 0.109375
3 0.3375 0.35859375 0.04375 0.1109375
3 0.3375 0.4953125 0.0546875 0.1765625
3 0.34375 0.6609375 0.0484375 0.1515625
3 0.55546875 0.27578125 0.0484375 0.140625
3 0.55078125 0.43359375 0.0546875 0.1828125
3 0.546875 0.60078125 0.065625 0.159375
3 0.54375 0.76171875 0.0609375 0.178125
3 0.8265625 0.2859375 0.046875 0.1328125
3 0.81796875 0.4171875 0.0546875 0.1375
3 0.8109375 0.56171875 0.0609375 0.15625
3 0.8015625 0.71875 0.05 0.1671875