3 0.0484375 0.284375 0.059375 0.1421875
3 0.084375 0.4296875 0.075 0.165625
3 0.12890625 0.584375 0.0765625 0.165625
3 0.1734375 0.7453125 0.075 0.175
3 0.33515625 0.21015625 0.0625 0.1125
3 0.36796875 0.3234375 0.0671875 0.1375
3 0.41875 0.5 0.084375 0.23125
3 0.46640625 0.69921875 0.0765625 0.184375
3 0.575 0.1609375 0.0640625 0.109375
3 0.60546875 0.2890625 0.071875 0.1640625
3 0.6421875 0.44453125 0.0734375 0.16875
3 0.68203125 0.59453125 0.084375 0.15625
3 0.8390625 0.11640625 0.059375 0.128125
3 0.87109375 0.2828125 0.084375 0.21875
3 0.90703125 0.4328125 0.0578125 0.1015625
3 0.93046875 0.5375 0.0515625 0.11875