3 0.15546875 0.13671875 0.053125 0.1421875
3 0.13671875 0.28515625 0.0671875 0.165625
3 0.1234375 0.44609375 0.06875 0.1640625
3 0.10703125 0.61171875 0.0671875 0.175
3 0.45 0.1703125 0.05625 0.1109375
3 0.43984375 0.28828125 0.059375 0.1359375
3 0.42421875 0.4703125 0.0734375 0.23125
3 0.396875 0.67421875 0.06875 0.184375
3 0.69140625 0.21015625 0.0578125 0.1078125
3 0.67421875 0.340625 0.0640625 0.1625
3 0.653125 0.49921875 0.065625 0.1671875
3 0.6359375 0.65390625 0.078125 0.1546875
3 0.9546875 0.26328125 0.053125 0.1265625
3 0.92421875 0.43046875 0.0734375 0.21875
3 0.9046875 0.5828125 0.053125 0.1015625
3 0.88828125 0.68984375 0.046875 0.11875