3 0.14296875 0.14921875 0.0484375 0.140625
3 0.1296875 0.29765625 0.0625 0.1640625
3 0.121875 0.459375 0.0640625 0.1640625
3 0.11171875 0.62578125 0.0609375 0.1734375
3 0.4390625 0.171875 0.053125 0.1109375
3 0.4328125 0.290625 0.05625 0.1359375
3 0.42265625 0.4734375 0.065625 0.23125
3 0.403125 0.678125 0.0625 0.1828125
3 0.68125 0.203125 0.0546875 0.1078125
3 0.66796875 0.33515625 0.059375 0.1625
3 0.65234375 0.49375 0.0609375 0.1671875
3 0.64140625 0.6484375 0.0734375 0.153125
3 0.94609375 0.24765625 0.0484375 0.1265625
3 0.92109375 0.415625 0.065625 0.21875
3 0.90703125 0.56875 0.05 0.1
3 0.89453125 0.67578125 0.0421875 0.11875