2 0.1375 0.22421875 0.2421875 0.1
2 0.3703125 0.1625 0.2140625 0.090625
2 0.57890625 0.10546875 0.20625 0.1015625
2 0.7734375 0.05546875 0.203125 0.0890625
2 0.11171875 0.34921875 0.2234375 0.0859375
2 0.3484375 0.3015625 0.2171875 0.096875
2 0.5609375 0.24765625 0.209375 0.1
2 0.77109375 0.19765625 0.21875 0.1
2 0.18984375 0.53984375 0.265625 0.1140625
2 0.4078125 0.4859375 0.171875 0.084375
2 0.6 0.43671875 0.19375 0.09375
2 0.80703125 0.38359375 0.21875 0.0984375
2 0.209375 0.72109375 0.2296875 0.1046875
2 0.42578125 0.67890625 0.1890625 0.0875
2 0.63515625 0.6390625 0.2171875 0.103125
2 0.8578125 0.5953125 0.2046875 0.1