2 0.16796875 0.18828125 0.2421875 0.075
2 0.40625 0.15078125 0.2140625 0.0703125
2 0.61953125 0.11640625 0.203125 0.08125
2 0.81796875 0.0859375 0.2015625 0.0703125
2 0.12421875 0.30859375 0.2359375 0.0625
2 0.3703125 0.28671875 0.215625 0.0765625
2 0.5875 0.25546875 0.2078125 0.0796875
2 0.80078125 0.22734375 0.2171875 0.0796875
2 0.1875 0.50703125 0.265625 0.0875
2 0.409375 0.4765625 0.1703125 0.0671875
2 0.60625 0.44765625 0.1921875 0.0765625
2 0.8171875 0.41640625 0.21875 0.0765625
2 0.18828125 0.6890625 0.228125 0.0828125
2 0.4078125 0.6703125 0.1875 0.0703125
2 0.6203125 0.65234375 0.215625 0.0828125
2 0.84609375 0.63203125 0.203125 0.0796875