2 0.3015625 0.08984375 0.2421875 0.103125
2 0.5375 0.140625 0.2140625 0.09375
2 0.74921875 0.184375 0.20625 0.1046875
2 0.921875 0.22734375 0.15625 0.0921875
2 0.2171875 0.18671875 0.234375 0.0890625
2 0.4546875 0.2546875 0.2171875 0.1
2 0.66875 0.303125 0.209375 0.103125
2 0.87890625 0.35390625 0.21875 0.103125
2 0.20546875 0.39453125 0.265625 0.1171875
2 0.42421875 0.4453125 0.171875 0.0859375
2 0.61796875 0.4890625 0.19375 0.096875
2 0.82578125 0.53515625 0.21875 0.1015625
2 0.140625 0.56484375 0.2296875 0.1078125
2 0.35234375 0.62578125 0.1890625 0.090625
2 0.5578125 0.68515625 0.2171875 0.10625
2 0.77578125 0.74765625 0.2046875 0.103125