2 0.1296875 0.29609375 0.259375 0.1046875
2 0.465625 0.21953125 0.3203125 0.1015625
2 0.78125 0.15625 0.2859375 0.09375
2 0.159375 0.47890625 0.309375 0.1046875
2 0.50546875 0.409375 0.3296875 0.1046875
2 0.8140625 0.34140625 0.2890625 0.0859375
2 0.1984375 0.66953125 0.3203125 0.10625
2 0.54453125 0.59765625 0.346875 0.1109375
2 0.86015625 0.53359375 0.2796875 0.1015625
2 0.23046875 0.8578125 0.3140625 0.1015625
2 0.57265625 0.79140625 0.3578125 0.1140625
2 0.878125 0.72109375 0.24375 0.0984375