2 0.25703125 0.05859375 0.2078125 0.084375
2 0.53828125 0.1171875 0.2515625 0.1015625
2 0.76875 0.15390625 0.2015625 0.090625
2 0.9390625 0.1859375 0.121875 0.075
2 0.1953125 0.240625 0.16875 0.075
2 0.446875 0.2875 0.2328125 0.0984375
2 0.70390625 0.3359375 0.2484375 0.1
2 0.9171875 0.3734375 0.165625 0.084375
2 0.16875 0.384375 0.190625 0.090625
2 0.41640625 0.43984375 0.2640625 0.1015625
2 0.66875 0.48515625 0.2203125 0.0875
2 0.88515625 0.5265625 0.209375 0.0828125
2 0.13515625 0.58671875 0.2015625 0.0828125
2 0.3828125 0.60703125 0.240625 0.090625
2 0.6359375 0.653125 0.253125 0.0953125
2 0.85625 0.703125 0.1859375 0.0828125