2 0.10390625 0.1890625 0.2078125 0.0875
2 0.3859375 0.1328125 0.253125 0.10625
2 0.6125 0.0765625 0.2015625 0.09375
2 0.803125 0.03359375 0.171875 0.0671875
2 0.11796875 0.3796875 0.16875 0.078125
2 0.36796875 0.325 0.2328125 0.1015625
2 0.6234375 0.26953125 0.2484375 0.1046875
2 0.84140625 0.2171875 0.1796875 0.0875
2 0.15 0.5234375 0.1921875 0.09375
2 0.39921875 0.47734375 0.2640625 0.10625
2 0.64921875 0.4203125 0.2203125 0.0921875
2 0.86484375 0.3734375 0.209375 0.0875
2 0.1984375 0.72265625 0.2015625 0.0859375
2 0.434375 0.64453125 0.240625 0.0953125
2 0.68515625 0.5875 0.253125 0.0984375
2 0.90703125 0.54765625 0.1859375 0.0859375